Akhil       2001    12    76         65      76    87        
Tejas          2002    12    87.7       87      98    78        
Anirudh        2003    12    69.3       45      76    87        
Mihir         2006    12    69.7       44      77    88        
                                                                
Sagar         2007    46    48.3       86      47    12        
123            123     123   49         123     12    12        
Apurv          2004    0     -1         -1      -1    -1        

Manthan        2064    2     255        654     84    26        
